10,3,50,3000
0,152,180,224,250,206,112,212,262,320,255
152,0,326,146,322,322,248,210,316,178,156
180,326,0,344,202,239,164,362,361,474,433
224,146,344,0,250,427,335,354,450,150,292
250,322,202,250,0,412,316,461,505,400,472
206,322,239,427,412,0,100,206,139,500,335
112,248,164,335,316,100,0,206,198,424,304
212,210,362,354,461,206,206,0,122,364,141
262,316,361,450,505,139,198,122,0,481,262
320,178,474,150,400,500,424,364,481,0,250
255,156,433,292,472,335,304,141,262,250,0
1,0,848,10,10,1,3000,31.4
2,0,282,7,10,1,3000,57.3
3,0,584,13,10,1,3000,82.9
4,0,801,19,10,1,3000,86.8
5,0,209,26,10,1,3000,4.1
6,0,514,3,10,1,3000,68.3
7,0,410,5,10,1,3000,8.9
8,0,481,9,10,1,3000,117.6
9,0,497,16,10,1,3000,109.2
10,0,632,16,10,1,3000,75.0
